5136269762893828693
5478894616299574381001162348477034016509321500939251567711778484905757692944057995041
23912060471148129325720619116310811039396602435
27959222355107100
2566432678022694408841303676693940585942847238
996730255823537679276320187636447112368842116085123755895771515249575571993
1311560210188893278665610329477400756989017029346124805849087749937537638532486221601395316
701948675226758437678589897303705919978710387323010080089921293904903994245179600700929911052455
4545609051977976086297607143696262022
10247236856605567374843462686181305240858718474423829396576284537251266
80099633
671569246440989153611063362
4733550142729258242970110943595760015052224169206605836023682370
92199333970112972477370650087026435388997128317884514799710612287737
98531694372
25426517581909602507450739178475939680548631521
11738922141988691551617693955076342454668986748025186968265982548983462252128940470367105613
2988732357078469885690483739881989875212910968066627695060161569468189403611427202283709
2519125907821057183577719649839212144746428745455733604669552695810404068
8289
78274310127873823129382963281305122576898595190422451649188238042400081152862
96372458589502329871899106313796425882840792255152253364915496251739915917254989304650261912637932
166495849728242814177002861794832691175269085496003726132303706986295914832573195698
436339066144369293238721027717110875793510966115650653057948661868538911929750228503808795771877
5294525812546921051258405336127656008701965759974202144878400167980950168846853475801319171
301081263544300355053874385667097197435980
60396193400031609328259993583727777508868174234186923032302776656306215222667277
893045
30326974501916350019206307601466699418980093828041993723604760642
4578580410820331278
54863591938086836097071
8534430691538649950930291361084357911290365122037020161497527974965287433246471394500662524331
8976043375851574639955570735367764668917695764137222972177706474032843705271806520010437129
5
48438895940858946168362855045
3869267318737246807582120972340838974708571215007057489779933236235725792
14644541311481576191724518008302788343696734091623817460370100599345804499808
325444904474596
77522446846946129693085423092813687022738524336415915579890271552564739701336107998447
3667602129788285418082071965453840702234134052726624821139897201473696239637909783185490680500669
297449078197880187887689109969080946043882762701681
59571767687871487965362632922288335401389
98148057693076280600434976207327152259
78215053115178767607531276692683627222736373342124070207888248610554948
57131366783705614638611868383334069315996
268792553266255530084256663579088157522041798
3367309087
95615698394636263149895738636
181126737141987163534320250016637761644379689597840593510521307083149878
260887940465195639148423565553480480474430940623747581157
3497214318284605003561158179667919950304334994417785090909098001998129772163604503004015246046
8616004825473728970113585947518099892276044538
95638987493164185375514310773535291391251579208737408940939314033
445008697095754253315256760015100822681402187625156691299291723915176436776638145027346385
979986282
99685436893810376871471561
59473553309908482531121568646766926403735645785959271349323991806646141705295081130264326937010694
2850122084115419273454824143397493425835566029048513918522871833175880456
384752
9657411819092522232397914054500366229502
349763015504640814
67893214826460369880331995288630349863267113169059102404124909965164410121638843775015629
9235896632755971379929671957341684183958124841070182061176003181600115059433752972398
5533767695896968484033562205492765263922604512380084332882523710438750
226830231417979751397209957827061846180243940015366018924608534631341586870993630353
7573569027452077956857803326858507983006
310709657624438956816534439665429691577341904902605478824802544626885731024524706243
8785000479959708228663022006751251954111
96998912808302814400747134545878689483763793276
6683274519297995780519348500469859479852071760351532667439785862920815114402557622089
528224218138045
995832310653662111337545986943225908
5163790
8145784421327271698696268805800215905
3960243171059131712782994365330026160679776900
2127
47300975476647363262041244088005757965402
7691344176508241031280959505558339566993775590613753748891666
3954815962620746076525106032618633237823217201110782405
68492275818592045066199487639352403622323195
4912795789578091637663086539485678077667716745128806406070028708515491384980792792635262484
173288891177258960985530992479946286265372220218526072091431327146784234756989732651870115
192850834260946046070641614921411826000448542366965129500905066368060225091337144768811123841
6750372742757059418216529777484
11408683870877738
5253653429283097283233953630239
1554008492322297249709337869351109529579721263917889935713878081953802
561334263345200133003204350374391426072328848082584905530580219553170512519447897287
9201003410143978094300
5094273
772704247351648760322512508902151521957883069038280531784784919374689479997093841815205873495324982
11930742046159899476915667068562668
941589858747313441110390053733687937843637
618251362952937860459307362999470506854262765
6371086370991196013271044661237986015842852083894334438006341139950
7694436264327764066240753272899460825543185174
62107392619191239241995205712382624353744976091935026747530991153500
3676356267749107794103237762785652307155129040911343766454825510940875480
8478794443019679025146755521348406587921444322236961848510847617
4735
0
